Example Input 1:

9 0 0 0 1 0 0 0 2
4 1 0 0 6 3 0 0 9
0 3 2 0 0 4 6 0 0
0 0 0 3 4 0 0 0 0
0 2 8 0 0 0 0 0 0
0 0 0 5 2 0 0 0 0
0 8 1 0 0 5 3 0 0
2 7 0 0 3 1 0 0 5
5 0 0 0 8 0 0 0 4

Example Input 2:

8 0 0 0 0 0 0 0 0
0 0 3 6 0 0 0 0 0
0 7 0 0 9 0 2 0 0
0 5 0 0 0 7 0 0 0
0 0 0 0 4 5 7 0 0
0 0 0 1 0 0 0 3 0
0 0 1 0 0 0 0 6 8
0 0 8 5 0 0 0 1 0
0 9 0 0 0 0 4 0 0

Example Input 3:

0 0 0 0 0 6 0 0 5
0 0 9 0 5 8 0 0 0
0 0 1 0 0 0 9 2 0
0 0 0 0 0 0 2 0 0
7 4 0 0 0 0 3 0 0
0 3 0 0 0 0 0 0 7
9 0 0 0 1 3 0 7 0
2 5 0 0 9 0 8 0 0
0 0 0 0 0 0 0 4 0